// OPERATOR 
OPERATOR_PRIVATE_KEY= 302e020100300506032b65700422042088ef51e73fd79955b62973e45de16242879ace2b2e1a44fda3c40f55c1636eb1
OPERATOR_ACCOUNT_ID= 0.0.4141474
// RECEIVER
RECEIVER_PRIVATE_KEY= 302e020100300506032b6570042204204ab8c80350a420b995fd9fad0badad4e47cdfddb49d5c3785dc4782fc14b9c0c
RECEIVER_ACCOUNT_ID= 0.0.4142202